{"producer":{"name":"Blender","version":"2.74 (sub 0)","exporter_version":"4.6.1","file":"bird.babylon"},
"autoClear":true,"clearColor":[0.2,0.2,0.2],"ambientColor":[0,0,0],"gravity":[0,-9.81,0],
"materials":[{"name":"bird.01___Default","id":"bird.01___Default","ambient":[1,1,1],"diffuse":[1,1,1],"specular":[0.0898,0.0898,0.0898],"emissive":[0,0,0],"specularPower":50,"alpha":1,"backFaceCulling":true,"checkReadyOnlyOnce":false}],
"multiMaterials":[],
"skeletons":[{"name":"Bip01Arm","id":0,"dimensionsAtRest":[0,0,0],"bones":[
{"name":"Bip01","index":0,"matrix":[-1,0,0,0,0,-0.0028,-1,0,0,1,-0.0028,0,0,0.2623,-0.0148,1],"rest":[-1,0,0,0,0,0,-1,0,0,1,0,0,0,1.0687,-0.0148,1],"parentBoneIndex":-1,"length":2
,"animation":{"dataType":3,"framePerSecond":29,"keys":[
{"frame":0,"values":[-1,0,0,0,0,-0.0028,-1,0,0,1,-0.0028,0,0,0.2623,-0.0148,1]},
{"frame":1,"values":[-1,0,0,0,0,-0.0028,-1,0,0,1,-0.0028,0,0,0.2792,-0.0148,1]},
{"frame":2,"values":[-1,0,0,0,0,-0.0028,-1,0,0,1,-0.0028,0,0,0.2985,-0.0148,1]},
{"frame":3,"values":[-1,0,0,0,0,-0.0028,-1,0,0,1,-0.0028,0,0,0.3178,-0.0148,1]},
{"frame":4,"values":[-1,0,0,0,0,-0.0028,-1,0,0,1,-0.0028,0,0,0.3347,-0.0148,1]},
{"frame":5,"values":[-1,0,0,0,0,-0.0028,-1,0,0,1,-0.0028,0,0,0.3466,-0.0148,1]},
{"frame":6,"values":[-1,0,0,0,0,-0.0028,-1,0,0,1,-0.0028,0,0,0.3511,-0.0148,1]},
{"frame":7,"values":[-1,0,0,0,0,-0.0028,-1,0,0,1,-0.0028,0,0,0.3508,-0.0148,1]},
{"frame":8,"values":[-1,0,0,0,0,-0.0028,-1,0,0,1,-0.0028,0,0,0.3497,-0.0148,1]},
{"frame":9,"values":[-1,0,0,0,0,-0.0028,-1,0,0,1,-0.0028,0,0,0.348,-0.0148,1]},
{"frame":10,"values":[-1,0,0,0,0,-0.0028,-1,0,0,1,-0.0028,0,0,0.3458,-0.0148,1]},
{"frame":11,"values":[-1,0,0,0,0,-0.0028,-1,0,0,1,-0.0028,0,0,0.343,-0.0148,1]},
{"frame":12,"values":[-1,0,0,0,0,-0.0028,-1,0,0,1,-0.0028,0,0,0.3397,-0.0148,1]},
{"frame":13,"values":[-1,0,0,0,0,-0.0028,-1,0,0,1,-0.0028,0,0,0.336,-0.0148,1]},
{"frame":14,"values":[-1,0,0,0,0,-0.0028,-1,0,0,1,-0.0028,0,0,0.3319,-0.0148,1]},
{"frame":15,"values":[-1,0,0,0,0,-0.0028,-1,0,0,1,-0.0028,0,0,0.3275,-0.0148,1]},
{"frame":16,"values":[-1,0,0,0,0,-0.0028,-1,0,0,1,-0.0028,0,0,0.3228,-0.0148,1]},
{"frame":17,"values":[-1,0,0,0,0,-0.0028,-1,0,0,1,-0.0028,0,0,0.3178,-0.0148,1]},
{"frame":18,"values":[-1,0,0,0,0,-0.0028,-1,0,0,1,-0.0028,0,0,0.3127,-0.0148,1]},
{"frame":19,"values":[-1,0,0,0,0,-0.0028,-1,0,0,1,-0.0028,0,0,0.3074,-0.0148,1]},
{"frame":20,"values":[-1,0,0,0,0,-0.0028,-1,0,0,1,-0.0028,0,0,0.3021,-0.0148,1]},
{"frame":21,"values":[-1,0,0,0,0,-0.0028,-1,0,0,1,-0.0028,0,0,0.2967,-0.0148,1]},
{"frame":22,"values":[-1,0,0,0,0,-0.0028,-1,0,0,1,-0.0028,0,0,0.2914,-0.0148,1]},
{"frame":23,"values":[-1,0,0,0,0,-0.0028,-1,0,0,1,-0.0028,0,0,0.2861,-0.0148,1]},
{"frame":24,"values":[-1,0,0,0,0,-0.0028,-1,0,0,1,-0.0028,0,0,0.2809,-0.0148,1]},
{"frame":25,"values":[-1,0,0,0,0,-0.0028,-1,0,0,1,-0.0028,0,0,0.2759,-0.0148,1]},
{"frame":26,"values":[-1,0,0,0,0,-0.0028,-1,0,0,1,-0.0028,0,0,0.2711,-0.0148,1]},
{"frame":27,"values":[-1,0,0,0,0,-0.0028,-1,0,0,1,-0.0028,0,0,0.2666,-0.0148,1]},
{"frame":28,"values":[-1,0,0,0,0,-0.0028,-1,0,0,1,-0.0028,0,0,0.2623,-0.0148,1]}],"loopBehavior":1,"name":"anim","property":"_matrix"}},
{"name":"Bip01_Pelvis","index":1,"matrix":[0,1,0,0,0,0,1,0,1,0,0,0,0,0,0,1],"rest":[0,1,0,0,0,0,1,0,1,0,0,0,0,0,0,1],"parentBoneIndex":0,"length":2
,"animation":{"dataType":3,"framePerSecond":29,"keys":[
{"frame":0,"values":[0,1,0,0,0,0,1,0,1,0,0,0,0,0,0,1]},
{"frame":28,"values":[0,1,0,0,0,0,1,0,1,0,0,0,0,0,0,1]}],"loopBehavior":1,"name":"anim","property":"_matrix"}},
{"name":"Bip01_Spine","index":2,"matrix":[0.5028,-0.8644,0,0,0.8644,0.5028,0,0,0,0,1,0,0.0728,-0.0342,0,1],"rest":[0.2862,-0.9582,0,0,0.9582,0.2862,0,0,0,0,1,0,0.0728,-0.0343,0,1],"parentBoneIndex":1,"length":2
,"animation":{"dataType":3,"framePerSecond":29,"keys":[
{"frame":0,"values":[0.5028,-0.8644,0,0,0.8644,0.5028,0,0,0,0,1,0,0.0728,-0.0342,0,1]},
{"frame":28,"values":[0.5028,-0.8644,0,0,0.8644,0.5028,0,0,0,0,1,0,0.0728,-0.0342,0,1]}],"loopBehavior":1,"name":"anim","property":"_matrix"}},
{"name":"Bip01_Tail","index":3,"matrix":[0.9994,0.0335,0,0,0.0335,-0.9994,0,0,0,0,-1,0,-0.0297,-0.2206,0,1],"rest":[0.9746,-0.2239,0,0,-0.2239,-0.9746,0,0,0,0,-1,0,-0.0806,-0.2074,0,1],"parentBoneIndex":2,"length":2
,"animation":{"dataType":3,"framePerSecond":29,"keys":[
{"frame":0,"values":[0.9994,0.0335,0,0,0.0335,-0.9994,0,0,0,0,-1,0,-0.0297,-0.2206,0,1]},
{"frame":1,"values":[0.9985,0.0546,0,0,0.0546,-0.9985,0,0,0,0,-1,0,-0.0297,-0.2206,0,1]},
{"frame":2,"values":[0.9969,0.0783,0,0,0.0783,-0.9969,0,0,0,0,-1,0,-0.0297,-0.2206,0,1]},
{"frame":3,"values":[0.9946,0.1035,0,0,0.1035,-0.9946,0,0,0,0,-1,0,-0.0297,-0.2206,0,1]},
{"frame":4,"values":[0.9916,0.129,0,0,0.129,-0.9916,0,0,0,0,-1,0,-0.0297,-0.2206,0,1]},
{"frame":5,"values":[0.9881,0.1537,0,0,0.1537,-0.9881,0,0,0,0,-1,0,-0.0297,-0.2206,0,1]},
{"frame":6,"values":[0.9843,0.1764,0,0,0.1764,-0.9843,0,0,0,0,-1,0,-0.0297,-0.2206,0,1]},
{"frame":7,"values":[0.9806,0.196,0,0,0.196,-0.9806,0,0,0,0,-1,0,-0.0297,-0.2206,0,1]},
{"frame":8,"values":[0.9774,0.2113,0,0,0.2113,-0.9774,0,0,0,0,-1,0,-0.0297,-0.2206,0,1]},
{"frame":9,"values":[0.9752,0.2213,0,0,0.2213,-0.9752,0,0,0,0,-1,0,-0.0297,-0.2206,0,1]},
{"frame":10,"values":[0.9744,0.2249,0,0,0.2249,-0.9744,0,0,0,0,-1,0,-0.0297,-0.2206,0,1]},
{"frame":11,"values":[0.9747,0.2237,0,0,0.2237,-0.9747,0,0,0,0,-1,0,-0.0297,-0.2206,0,1]},
{"frame":12,"values":[0.9754,0.2205,0,0,0.2205,-0.9754,0,0,0,0,-1,0,-0.0297,-0.2206,0,1]},
{"frame":13,"values":[0.9766,0.2153,0,0,0.2153,-0.9766,0,0,0,0,-1,0,-0.0297,-0.2206,0,1]},
{"frame":14,"values":[0.9781,0.2083,0,0,0.2083,-0.9781,0,0,0,0,-1,0,-0.0297,-0.2206,0,1]},
{"frame":15,"values":[0.9798,0.1998,0,0,0.1998,-0.9798,0,0,0,0,-1,0,-0.0297,-0.2206,0,1]},
{"frame":16,"values":[0.9818,0.1899,0,0,0.1899,-0.9818,0,0,0,0,-1,0,-0.0297,-0.2206,0,1]},
{"frame":17,"values":[0.9839,0.1787,0,0,0.1787,-0.9839,0,0,0,0,-1,0,-0.0297,-0.2206,0,1]},
{"frame":18,"values":[0.986,0.1666,0,0,0.1666,-0.986,0,0,0,0,-1,0,-0.0297,-0.2206,0,1]},
{"frame":19,"values":[0.9881,0.1537,0,0,0.1537,-0.9881,0,0,0,0,-1,0,-0.0297,-0.2206,0,1]},
{"frame":20,"values":[0.9901,0.1402,0,0,0.1402,-0.9901,0,0,0,0,-1,0,-0.0297,-0.2206,0,1]},
{"frame":21,"values":[0.992,0.1262,0,0,0.1262,-0.992,0,0,0,0,-1,0,-0.0297,-0.2206,0,1]},
{"frame":22,"values":[0.9937,0.112,0,0,0.112,-0.9937,0,0,0,0,-1,0,-0.0297,-0.2206,0,1]},
{"frame":23,"values":[0.9952,0.0978,0,0,0.0978,-0.9952,0,0,0,0,-1,0,-0.0297,-0.2206,0,1]},
{"frame":24,"values":[0.9965,0.0838,0,0,0.0838,-0.9965,0,0,0,0,-1,0,-0.0297,-0.2206,0,1]},
{"frame":25,"values":[0.9975,0.0702,0,0,0.0702,-0.9975,0,0,0,0,-1,0,-0.0297,-0.2206,0,1]},
{"frame":26,"values":[0.9984,0.0571,0,0,0.0571,-0.9984,0,0,0,0,-1,0,-0.0297,-0.2206,0,1]},
{"frame":27,"values":[0.999,0.0448,0,0,0.0448,-0.999,0,0,0,0,-1,0,-0.0297,-0.2206,0,1]},
{"frame":28,"values":[0.9994,0.0335,0,0,0.0335,-0.9994,0,0,0,0,-1,0,-0.0297,-0.2206,0,1]}],"loopBehavior":1,"name":"anim","property":"_matrix"}},
{"name":"Bip01_Tail1","index":4,"matrix":[0.9918,-0.1282,0,0,0.1282,0.9918,0,0,0,0,1,0,0.0001,0.1026,0,1],"rest":[0.9944,-0.1057,0,0,0.1057,0.9944,0,0,0,0,1,0,0.0001,0.1026,0,1],"parentBoneIndex":3,"length":2
,"animation":{"dataType":3,"framePerSecond":29,"keys":[
{"frame":0,"values":[0.9918,-0.1282,0,0,0.1282,0.9918,0,0,0,0,1,0,0.0001,0.1026,0,1]},
{"frame":1,"values":[0.9888,-0.149,0,0,0.149,0.9888,0,0,0,0,1,0,0.0001,0.1026,0,1]},
{"frame":2,"values":[0.985,-0.1725,0,0,0.1725,0.985,0,0,0,0,1,0,0.0001,0.1026,0,1]},
{"frame":3,"values":[0.9803,-0.1974,0,0,0.1974,0.9803,0,0,0,0,1,0,0.0001,0.1026,0,1]},
{"frame":4,"values":[0.9749,-0.2225,0,0,0.2225,0.9749,0,0,0,0,1,0,0.0001,0.1026,0,1]},
{"frame":5,"values":[0.9691,-0.2467,0,0,0.2467,0.9691,0,0,0,0,1,0,0.0001,0.1026,0,1]},
{"frame":6,"values":[0.9632,-0.269,0,0,0.269,0.9631,0,0,0,0,1,0,0.0001,0.1026,0,1]},
{"frame":7,"values":[0.9576,-0.2881,0,0,0.2881,0.9576,0,0,0,0,1,0,0.0001,0.1026,0,1]},
{"frame":8,"values":[0.953,-0.303,0,0,0.303,0.953,0,0,0,0,1,0,0.0001,0.1026,0,1]},
{"frame":9,"values":[0.9498,-0.3128,0,0,0.3128,0.9498,0,0,0,0,1,0,0.0001,0.1026,0,1]},
{"frame":10,"values":[0.9487,-0.3163,0,0,0.3163,0.9487,0,0,0,0,1,0,0.0001,0.1026,0,1]},
{"frame":11,"values":[0.949,-0.3152,0,0,0.3152,0.949,0,0,0,0,1,0,0.0001,0.1026,0,1]},
{"frame":12,"values":[0.9501,-0.312,0,0,0.312,0.9501,0,0,0,0,1,0,0.0001,0.1026,0,1]},
{"frame":13,"values":[0.9517,-0.3069,0,0,0.3069,0.9517,0,0,0,0,1,0,0.0001,0.1026,0,1]},
{"frame":14,"values":[0.9539,-0.3001,0,0,0.3001,0.9539,0,0,0,0,1,0,0.0001,0.1026,0,1]},
{"frame":15,"values":[0.9565,-0.2918,0,0,0.2918,0.9565,0,0,0,0,1,0,0.0001,0.1026,0,1]},
{"frame":16,"values":[0.9594,-0.2821,0,0,0.2821,0.9594,0,0,0,0,1,0,0.0001,0.1026,0,1]},
{"frame":17,"values":[0.9625,-0.2713,0,0,0.2713,0.9625,0,0,0,0,1,0,0.0001,0.1026,0,1]},
{"frame":18,"values":[0.9658,-0.2594,0,0,0.2594,0.9658,0,0,0,0,1,0,0.0001,0.1026,0,1]},
{"frame":19,"values":[0.9691,-0.2467,0,0,0.2467,0.9691,0,0,0,0,1,0,0.0001,0.1026,0,1]},
{"frame":20,"values":[0.9724,-0.2335,0,0,0.2335,0.9724,0,0,0,0,1,0,0.0001,0.1026,0,1]},
{"frame":21,"values":[0.9756,-0.2197,0,0,0.2197,0.9756,0,0,0,0,1,0,0.0001,0.1026,0,1]},
{"frame":22,"values":[0.9786,-0.2058,0,0,0.2058,0.9786,0,0,0,0,1,0,0.0001,0.1026,0,1]},
{"frame":23,"values":[0.9814,-0.1918,0,0,0.1918,0.9814,0,0,0,0,1,0,0.0001,0.1026,0,1]},
{"frame":24,"values":[0.984,-0.178,0,0,0.178,0.984,0,0,0,0,1,0,0.0001,0.1026,0,1]},
{"frame":25,"values":[0.9864,-0.1645,0,0,0.1645,0.9864,0,0,0,0,1,0,0.0001,0.1026,0,1]},
{"frame":26,"values":[0.9885,-0.1515,0,0,0.1515,0.9885,0,0,0,0,1,0,0.0001,0.1026,0,1]},
{"frame":27,"values":[0.9902,-0.1394,0,0,0.1394,0.9902,0,0,0,0,1,0,0.0001,0.1026,0,1]},
{"frame":28,"values":[0.9918,-0.1282,0,0,0.1282,0.9918,0,0,0,0,1,0,0.0001,0.1026,0,1]}],"loopBehavior":1,"name":"anim","property":"_matrix"}},
{"name":"Bip01_Tail2","index":5,"matrix":[0.9814,-0.1921,0,0,0.1921,0.9814,0,0,0,0,1,0,0.0001,0.1026,0,1],"rest":[0.9955,-0.0943,0,0,0.0943,0.9955,0,0,0,0,1,0,0.0001,0.1026,0,1],"parentBoneIndex":4,"length":2
,"animation":{"dataType":3,"framePerSecond":29,"keys":[
{"frame":0,"values":[0.9814,-0.1921,0,0,0.1921,0.9814,0,0,0,0,1,0,0.0001,0.1026,0,1]},
{"frame":28,"values":[0.9814,-0.1921,0,0,0.1921,0.9814,0,0,0,0,1,0,0.0001,0.1026,0,1]}],"loopBehavior":1,"name":"anim","property":"_matrix"}},
{"name":"Bip01_R_Thigh","index":6,"matrix":[-0.676,-0.7364,-0.0285,0,0.736,-0.6728,-0.0751,0,0.0361,-0.0717,0.9968,0,-0.0381,-0.0709,0.1117,1],"rest":[0.1713,-0.9852,-0.0023,0,0.9852,0.1713,-0.0058,0,0.0061,-0.0013,1,0,-0.0537,-0.0599,0.1117,1],"parentBoneIndex":2,"length":2
,"animation":{"dataType":3,"framePerSecond":29,"keys":[
{"frame":0,"values":[-0.676,-0.7364,-0.0285,0,0.736,-0.6728,-0.0751,0,0.0361,-0.0717,0.9968,0,-0.0381,-0.0709,0.1117,1]},
{"frame":1,"values":[-0.6773,-0.7352,-0.027,0,0.7348,-0.6742,-0.0742,0,0.0364,-0.07,0.9969,0,-0.0381,-0.0709,0.1117,1]},
{"frame":2,"values":[-0.6787,-0.734,-0.0252,0,0.7335,-0.6757,-0.0731,0,0.0367,-0.0681,0.997,0,-0.0381,-0.0709,0.1117,1]},
{"frame":3,"values":[-0.6802,-0.7327,-0.0234,0,0.7321,-0.6774,-0.072,0,0.037,-0.0661,0.9971,0,-0.0381,-0.0709,0.1117,1]},
{"frame":4,"values":[-0.6817,-0.7313,-0.0215,0,0.7306,-0.6791,-0.0709,0,0.0373,-0.064,0.9973,0,-0.0381,-0.0709,0.1117,1]},
{"frame":5,"values":[-0.6833,-0.7299,-0.0196,0,0.7292,-0.6807,-0.0698,0,0.0376,-0.0619,0.9974,0,-0.0381,-0.0709,0.1117,1]},
{"frame":6,"values":[-0.6847,-0.7286,-0.0178,0,0.7278,-0.6823,-0.0687,0,0.0379,-0.06,0.9975,0,-0.0381,-0.0709,0.1117,1]},
{"frame":7,"values":[-0.686,-0.7274,-0.0162,0,0.7266,-0.6837,-0.0677,0,0.0382,-0.0582,0.9976,0,-0.0381,-0.0709,0.1117,1]},
{"frame":8,"values":[-0.6871,-0.7264,-0.0148,0,0.7255,-0.6849,-0.0669,0,0.0384,-0.0567,0.9977,0,-0.0381,-0.0709,0.1117,1]},
{"frame":9,"values":[-0.688,-0.7256,-0.0138,0,0.7247,-0.6859,-0.0662,0,0.0386,-0.0555,0.9977,0,-0.0381,-0.0709,0.1117,1]},
{"frame":10,"values":[-0.6885,-0.7251,-0.0131,0,0.7242,-0.6865,-0.0658,0,0.0387,-0.0547,0.9977,0,-0.0381,-0.0709,0.1117,1]},
{"frame":11,"values":[-0.6887,-0.7249,-0.0128,0,0.724,-0.6867,-0.0656,0,0.0388,-0.0545,0.9978,0,-0.0381,-0.0709,0.1117,1]},
{"frame":12,"values":[-0.6887,-0.725,-0.0129,0,0.7241,-0.6866,-0.0657,0,0.0388,-0.0546,0.9978,0,-0.0381,-0.0709,0.1117,1]},
{"frame":13,"values":[-0.6884,-0.7252,-0.0132,0,0.7243,-0.6863,-0.0659,0,0.0387,-0.0549,0.9977,0,-0.0381,-0.0709,0.1117,1]},
{"frame":14,"values":[-0.688,-0.7256,-0.0137,0,0.7247,-0.6859,-0.0662,0,0.0386,-0.0555,0.9977,0,-0.0381,-0.0709,0.1117,1]},
{"frame":15,"values":[-0.6875,-0.726,-0.0143,0,0.7252,-0.6854,-0.0666,0,0.0385,-0.0562,0.9977,0,-0.0381,-0.0709,0.1117,1]},
{"frame":16,"values":[-0.6869,-0.7266,-0.0151,0,0.7258,-0.6847,-0.067,0,0.0384,-0.057,0.9976,0,-0.0381,-0.0709,0.1117,1]},
{"frame":17,"values":[-0.6861,-0.7273,-0.016,0,0.7265,-0.6839,-0.0676,0,0.0382,-0.058,0.9976,0,-0.0381,-0.0709,0.1117,1]},
{"frame":18,"values":[-0.6853,-0.728,-0.017,0,0.7272,-0.683,-0.0682,0,0.038,-0.0591,0.9975,0,-0.0381,-0.0709,0.1117,1]},
{"frame":19,"values":[-0.6845,-0.7288,-0.0181,0,0.7281,-0.682,-0.0689,0,0.0378,-0.0603,0.9975,0,-0.0381,-0.0709,0.1117,1]},
{"frame":20,"values":[-0.6835,-0.7297,-0.0193,0,0.729,-0.681,-0.0696,0,0.0376,-0.0616,0.9974,0,-0.0381,-0.0709,0.1117,1]},
{"frame":21,"values":[-0.6825,-0.7306,-0.0205,0,0.7299,-0.68,-0.0703,0,0.0374,-0.0629,0.9973,0,-0.0381,-0.0709,0.1117,1]},
{"frame":22,"values":[-0.6816,-0.7314,-0.0217,0,0.7308,-0.6789,-0.071,0,0.0372,-0.0643,0.9972,0,-0.0381,-0.0709,0.1117,1]},
{"frame":23,"values":[-0.6806,-0.7323,-0.0229,0,0.7318,-0.6778,-0.0718,0,0.037,-0.0656,0.9972,0,-0.0381,-0.0709,0.1117,1]},
{"frame":24,"values":[-0.6796,-0.7332,-0.0241,0,0.7327,-0.6767,-0.0725,0,0.0368,-0.0669,0.9971,0,-0.0381,-0.0709,0.1117,1]},
{"frame":25,"values":[-0.6786,-0.7341,-0.0253,0,0.7336,-0.6756,-0.0732,0,0.0366,-0.0683,0.997,0,-0.0381,-0.0709,0.1117,1]},
{"frame":26,"values":[-0.6777,-0.7349,-0.0265,0,0.7345,-0.6746,-0.0739,0,0.0365,-0.0695,0.9969,0,-0.0381,-0.0709,0.1117,1]},
{"frame":27,"values":[-0.6768,-0.7357,-0.0275,0,0.7353,-0.6737,-0.0745,0,0.0363,-0.0707,0.9968,0,-0.0381,-0.0709,0.1117,1]},
{"frame":28,"values":[-0.676,-0.7364,-0.0285,0,0.736,-0.6728,-0.0751,0,0.0361,-0.0717,0.9968,0,-0.0381,-0.0709,0.1117,1]}],"loopBehavior":1,"name":"anim","property":"_matrix"}},
{"name":"Bip01_R_Calf","index":7,"matrix":[0.9407,-0.3393,0,0,0.3393,0.9407,0,0,0,0,1,0,0,0.1443,0,1],"rest":[0.7562,-0.6544,0,0,0.6544,0.7562,0,0,0,0,1,0,0,0.1443,0,1],"parentBoneIndex":6,"length":2
,"animation":{"dataType":3,"framePerSecond":29,"keys":[
{"frame":0,"values":[0.9407,-0.3393,0,0,0.3393,0.9407,0,0,0,0,1,0,0,0.1443,0,1]},
{"frame":1,"values":[0.9471,-0.3211,0,0,0.3211,0.9471,0,0,0,0,1,0,0,0.1443,0,1]},
{"frame":2,"values":[0.9538,-0.3004,0,0,0.3004,0.9538,0,0,0,0,1,0,0,0.1443,0,1]},
{"frame":3,"values":[0.9605,-0.2782,0,0,0.2782,0.9605,0,0,0,0,1,0,0,0.1443,0,1]},
{"frame":4,"values":[0.9669,-0.2553,0,0,0.2553,0.9669,0,0,0,0,1,0,0,0.1443,0,1]},
{"frame":5,"values":[0.9726,-0.2325,0,0,0.2325,0.9726,0,0,0,0,1,0,0,0.1443,0,1]},
{"frame":6,"values":[0.9775,-0.2107,0,0,0.2107,0.9775,0,0,0,0,1,0,0,0.1443,0,1]},
{"frame":7,"values":[0.9816,-0.1909,0,0,0.1909,0.9816,0,0,0,0,1,0,0,0.1443,0,1]},
{"frame":8,"values":[0.9848,-0.1739,0,0,0.1739,0.9848,0,0,0,0,1,0,0,0.1443,0,1]},
{"frame":9,"values":[0.987,-0.1607,0,0,0.1607,0.987,0,0,0,0,1,0,0,0.1443,0,1]},
{"frame":10,"values":[0.9884,-0.152,0,0,0.152,0.9884,0,0,0,0,1,0,0,0.1443,0,1]},
{"frame":11,"values":[0.9888,-0.149,0,0,0.149,0.9888,0,0,0,0,1,0,0,0.1443,0,1]},
{"frame":12,"values":[0.9886,-0.1503,0,0,0.1503,0.9886,0,0,0,0,1,0,0,0.1443,0,1]},
{"frame":13,"values":[0.9881,-0.154,0,0,0.154,0.9881,0,0,0,0,1,0,0,0.1443,0,1]},
{"frame":14,"values":[0.9871,-0.16,0,0,0.16,0.9871,0,0,0,0,1,0,0,0.1443,0,1]},
{"frame":15,"values":[0.9858,-0.168,0,0,0.168,0.9858,0,0,0,0,1,0,0,0.1443,0,1]},
{"frame":16,"values":[0.9841,-0.1776,0,0,0.1776,0.9841,0,0,0,0,1,0,0,0.1443,0,1]},
{"frame":17,"values":[0.982,-0.1887,0,0,0.1887,0.982,0,0,0,0,1,0,0,0.1443,0,1]},
{"frame":18,"values":[0.9796,-0.2011,0,0,0.2011,0.9796,0,0,0,0,1,0,0,0.1443,0,1]},
{"frame":19,"values":[0.9767,-0.2145,0,0,0.2145,0.9767,0,0,0,0,1,0,0,0.1443,0,1]},
{"frame":20,"values":[0.9735,-0.2286,0,0,0.2286,0.9735,0,0,0,0,1,0,0,0.1443,0,1]},
{"frame":21,"values":[0.97,-0.2431,0,0,0.2431,0.97,0,0,0,0,1,0,0,0.1443,0,1]},
{"frame":22,"values":[0.9661,-0.258,0,0,0.258,0.9661,0,0,0,0,1,0,0,0.1443,0,1]},
{"frame":23,"values":[0.9621,-0.2728,0,0,0.2728,0.9621,0,0,0,0,1,0,0,0.1443,0,1]},
{"frame":24,"values":[0.9578,-0.2875,0,0,0.2875,0.9578,0,0,0,0,1,0,0,0.1443,0,1]},
{"frame":25,"values":[0.9534,-0.3017,0,0,0.3017,0.9534,0,0,0,0,1,0,0,0.1443,0,1]},
{"frame":26,"values":[0.949,-0.3152,0,0,0.3152,0.949,0,0,0,0,1,0,0,0.1443,0,1]},
{"frame":27,"values":[0.9447,-0.3278,0,0,0.3278,0.9447,0,0,0,0,1,0,0,0.1443,0,1]},
{"frame":28,"values":[0.9407,-0.3393,0,0,0.3393,0.9407,0,0,0,0,1,0,0,0.1443,0,1]}],"loopBehavior":1,"name":"anim","property":"_matrix"}},
{"name":"Bip01_R_HorseLink","index":8,"matrix":[0.9454,-0.3259,0,0,0.3259,0.9454,0,0,0,0,1,0,0,0.3951,0,1],"rest":[0.9889,0.1487,0,0,-0.1487,0.9889,0,0,0,0,1,0,0,0.3951,0,1],"parentBoneIndex":7,"length":2
,"animation":{"dataType":3,"framePerSecond":29,"keys":[
{"frame":0,"values":[0.9454,-0.3259,0,0,0.3259,0.9454,0,0,0,0,1,0,0,0.3951,0,1]},
{"frame":1,"values":[0.9452,-0.3266,0,0,0.3266,0.9452,0,0,0,0,1,0,0,0.3951,0,1]},
{"frame":2,"values":[0.9449,-0.3273,0,0,0.3273,0.9449,0,0,0,0,1,0,0,0.3951,0,1]},
{"frame":3,"values":[0.9447,-0.328,0,0,0.328,0.9447,0,0,0,0,1,0,0,0.3951,0,1]},
{"frame":4,"values":[0.9444,-0.3288,0,0,0.3288,0.9444,0,0,0,0,1,0,0,0.3951,0,1]},
{"frame":5,"values":[0.9441,-0.3295,0,0,0.3295,0.9441,0,0,0,0,1,0,0,0.3951,0,1]},
{"frame":6,"values":[0.9439,-0.3303,0,0,0.3303,0.9439,0,0,0,0,1,0,0,0.3951,0,1]},
{"frame":7,"values":[0.9437,-0.3309,0,0,0.3309,0.9437,0,0,0,0,1,0,0,0.3951,0,1]},
{"frame":8,"values":[0.9435,-0.3315,0,0,0.3315,0.9435,0,0,0,0,1,0,0,0.3951,0,1]},
{"frame":9,"values":[0.9433,-0.3319,0,0,0.3319,0.9433,0,0,0,0,1,0,0,0.3951,0,1]},
{"frame":10,"values":[0.9432,-0.3322,0,0,0.3322,0.9432,0,0,0,0,1,0,0,0.3951,0,1]},
{"frame":11,"values":[0.9432,-0.3323,0,0,0.3323,0.9432,0,0,0,0,1,0,0,0.3951,0,1]},
{"frame":12,"values":[0.9432,-0.3322,0,0,0.3322,0.9432,0,0,0,0,1,0,0,0.3951,0,1]},
{"frame":13,"values":[0.9432,-0.3321,0,0,0.3321,0.9432,0,0,0,0,1,0,0,0.3951,0,1]},
{"frame":14,"values":[0.9433,-0.3319,0,0,0.3319,0.9433,0,0,0,0,1,0,0,0.3951,0,1]},
{"frame":15,"values":[0.9434,-0.3317,0,0,0.3317,0.9434,0,0,0,0,1,0,0,0.3951,0,1]},
{"frame":16,"values":[0.9435,-0.3313,0,0,0.3313,0.9435,0,0,0,0,1,0,0,0.3951,0,1]},
{"frame":17,"values":[0.9436,-0.331,0,0,0.331,0.9436,0,0,0,0,1,0,0,0.3951,0,1]},
{"frame":18,"values":[0.9438,-0.3306,0,0,0.3306,0.9438,0,0,0,0,1,0,0,0.3951,0,1]},
{"frame":19,"values":[0.9439,-0.3301,0,0,0.3301,0.9439,0,0,0,0,1,0,0,0.3951,0,1]},
{"frame":20,"values":[0.9441,-0.3297,0,0,0.3297,0.9441,0,0,0,0,1,0,0,0.3951,0,1]},
{"frame":21,"values":[0.9443,-0.3292,0,0,0.3292,0.9443,0,0,0,0,1,0,0,0.3951,0,1]},
{"frame":22,"values":[0.9444,-0.3287,0,0,0.3287,0.9444,0,0,0,0,1,0,0,0.3951,0,1]},
{"frame":23,"values":[0.9446,-0.3282,0,0,0.3282,0.9446,0,0,0,0,1,0,0,0.3951,0,1]},
{"frame":24,"values":[0.9448,-0.3277,0,0,0.3277,0.9448,0,0,0,0,1,0,0,0.3951,0,1]},
{"frame":25,"values":[0.9449,-0.3272,0,0,0.3272,0.9449,0,0,0,0,1,0,0,0.3951,0,1]},
{"frame":26,"values":[0.9451,-0.3268,0,0,0.3268,0.9451,0,0,0,0,1,0,0,0.3951,0,1]},
{"frame":27,"values":[0.9453,-0.3263,0,0,0.3263,0.9453,0,0,0,0,1,0,0,0.3951,0,1]},
{"frame":28,"values":[0.9454,-0.3259,0,0,0.3259,0.9454,0,0,0,0,1,0,0,0.3951,0,1]}],"loopBehavior":1,"name":"anim","property":"_matrix"}},
{"name":"Bip01_R_Foot","index":9,"matrix":[0.2362,-0.9684,-0.0801,0,0.9714,0.2374,-0.0061,0,0.0249,-0.0764,0.9968,0,0,0.4676,0,1],"rest":[0.8963,-0.4435,-0.0037,0,0.4435,0.8963,0.0049,0,0.0011,-0.0061,1,0,0,0.4676,0,1],"parentBoneIndex":8,"length":2
,"animation":{"dataType":3,"framePerSecond":29,"keys":[
{"frame":0,"values":[0.2362,-0.9684,-0.0801,0,0.9714,0.2374,-0.0061,0,0.0249,-0.0764,0.9968,0,0,0.4676,0,1]},
{"frame":1,"values":[0.22,-0.9731,-0.069,0,0.9753,0.2209,-0.0069,0,0.022,-0.0658,0.9976,0,0,0.4676,0,1]},
{"frame":2,"values":[0.2016,-0.9778,-0.0566,0,0.9793,0.2024,-0.0079,0,0.0192,-0.0538,0.9984,0,0,0.4676,0,1]},
{"frame":3,"values":[0.1819,-0.9824,-0.0433,0,0.9832,0.1825,-0.009,0,0.0167,-0.0409,0.999,0,0,0.4676,0,1]},
{"frame":4,"values":[0.1617,-0.9864,-0.0296,0,0.9867,0.162,-0.0101,0,0.0147,-0.0276,0.9995,0,0,0.4676,0,1]},
{"frame":5,"values":[0.1415,-0.9898,-0.0161,0,0.9898,0.1417,-0.0111,0,0.0133,-0.0144,0.9998,0,0,0.4676,0,1]},
{"frame":6,"values":[0.1223,-0.9925,-0.0033,0,0.9924,0.1224,-0.0122,0,0.0125,-0.0018,0.9999,0,0,0.4676,0,1]},
{"frame":7,"values":[0.1049,-0.9944,0.0083,0,0.9944,0.1048,-0.0131,0,0.0122,0.0096,0.9999,0,0,0.4676,0,1]},
{"frame":8,"values":[0.09,-0.9958,0.0182,0,0.9959,0.0898,-0.0139,0,0.0122,0.0193,0.9997,0,0,0.4676,0,1]},
{"frame":9,"values":[0.0784,-0.9966,0.0259,0,0.9968,0.078,-0.0145,0,0.0125,0.0269,0.9996,0,0,0.4676,0,1]},
{"frame":10,"values":[0.0709,-0.997,0.0309,0,0.9974,0.0704,-0.0149,0,0.0127,0.0318,0.9994,0,0,0.4676,0,1]},
{"frame":11,"values":[0.0682,-0.9971,0.0326,0,0.9976,0.0677,-0.0151,0,0.0128,0.0336,0.9994,0,0,0.4676,0,1]},
{"frame":12,"values":[0.0693,-0.9971,0.0319,0,0.9975,0.0689,-0.015,0,0.0128,0.0329,0.9994,0,0,0.4676,0,1]},
{"frame":13,"values":[0.0726,-0.9969,0.0297,0,0.9973,0.0722,-0.0148,0,0.0126,0.0307,0.9994,0,0,0.4676,0,1]},
{"frame":14,"values":[0.0778,-0.9966,0.0263,0,0.9969,0.0775,-0.0146,0,0.0125,0.0273,0.9995,0,0,0.4676,0,1]},
{"frame":15,"values":[0.0848,-0.9962,0.0216,0,0.9963,0.0845,-0.0142,0,0.0123,0.0228,0.9997,0,0,0.4676,0,1]},
{"frame":16,"values":[0.0932,-0.9955,0.016,0,0.9956,0.093,-0.0137,0,0.0122,0.0172,0.9998,0,0,0.4676,0,1]},
{"frame":17,"values":[0.103,-0.9946,0.0095,0,0.9946,0.1029,-0.0132,0,0.0122,0.0108,0.9999,0,0,0.4676,0,1]},
{"frame":18,"values":[0.1139,-0.9935,0.0023,0,0.9934,0.1138,-0.0126,0,0.0123,0.0037,0.9999,0,0,0.4676,0,1]},
{"frame":19,"values":[0.1256,-0.9921,-0.0055,0,0.992,0.1257,-0.012,0,0.0126,-0.004,0.9999,0,0,0.4676,0,1]},
{"frame":20,"values":[0.138,-0.9903,-0.0138,0,0.9903,0.1382,-0.0113,0,0.0131,-0.0121,0.9998,0,0,0.4676,0,1]},
{"frame":21,"values":[0.1509,-0.9883,-0.0224,0,0.9884,0.1512,-0.0106,0,0.0139,-0.0206,0.9997,0,0,0.4676,0,1]},
{"frame":22,"values":[0.164,-0.986,-0.0312,0,0.9863,0.1644,-0.0099,0,0.0149,-0.0292,0.9995,0,0,0.4676,0,1]},
{"frame":23,"values":[0.1772,-0.9834,-0.0401,0,0.984,0.1777,-0.0092,0,0.0162,-0.0378,0.9992,0,0,0.4676,0,1]},
{"frame":24,"values":[0.1902,-0.9805,-0.0488,0,0.9816,0.1908,-0.0085,0,0.0177,-0.0463,0.9988,0,0,0.4676,0,1]},
{"frame":25,"values":[0.2028,-0.9776,-0.0573,0,0.979,0.2035,-0.0079,0,0.0193,-0.0545,0.9983,0,0,0.4676,0,1]},
{"frame":26,"values":[0.2147,-0.9745,-0.0655,0,0.9764,0.2157,-0.0072,0,0.0211,-0.0624,0.9978,0,0,0.4676,0,1]},
{"frame":27,"values":[0.226,-0.9714,-0.0731,0,0.9739,0.227,-0.0066,0,0.023,-0.0697,0.9973,0,0,0.4676,0,1]},
{"frame":28,"values":[0.2362,-0.9684,-0.0801,0,0.9714,0.2374,-0.0061,0,0.0249,-0.0764,0.9968,0,0,0.4676,0,1]}],"loopBehavior":1,"name":"anim","property":"_matrix"}},
{"name":"Bip01_R_Toe0","index":10,"matrix":[0.2406,0.9436,-0.2275,0,-0.9693,0.2215,-0.1063,0,-0.0499,0.2461,0.968,0,-0.0617,0.0487,0.0358,1],"rest":[-0.2631,0.9634,-0.0508,0,-0.9056,-0.2285,0.3572,0,0.3326,0.14,0.9326,0,-0.0617,0.0488,0.0358,1],"parentBoneIndex":9,"length":2
,"animation":{"dataType":3,"framePerSecond":29,"keys":[
{"frame":0,"values":[0.2406,0.9436,-0.2275,0,-0.9693,0.2215,-0.1063,0,-0.0499,0.2461,0.968,0,-0.0617,0.0487,0.0358,1]},
{"frame":1,"values":[0.2406,0.9436,-0.2275,0,-0.9694,0.2217,-0.1058,0,-0.0495,0.246,0.968,0,-0.0617,0.0487,0.0358,1]},
{"frame":2,"values":[0.2406,0.9436,-0.2275,0,-0.9694,0.222,-0.1046,0,-0.0482,0.2457,0.9682,0,-0.0617,0.0488,0.0358,1]},
{"frame":3,"values":[0.2406,0.9436,-0.2275,0,-0.9695,0.2225,-0.1027,0,-0.0463,0.2452,0.9684,0,-0.0617,0.0487,0.0358,1]},
{"frame":4,"values":[0.2406,0.9436,-0.2275,0,-0.9696,0.2231,-0.1001,0,-0.0438,0.2446,0.9686,0,-0.0617,0.0487,0.0358,1]},
{"frame":5,"values":[0.2406,0.9436,-0.2275,0,-0.9698,0.2238,-0.0973,0,-0.0409,0.244,0.9689,0,-0.0617,0.0487,0.0358,1]},
{"frame":6,"values":[0.2406,0.9436,-0.2275,0,-0.9699,0.2246,-0.0943,0,-0.0379,0.2433,0.9692,0,-0.0617,0.0488,0.0358,1]},
{"frame":7,"values":[0.2406,0.9436,-0.2275,0,-0.97,0.2253,-0.0914,0,-0.035,0.2426,0.9695,0,-0.0617,0.0487,0.0358,1]},
{"frame":8,"values":[0.2406,0.9436,-0.2275,0,-0.9701,0.2259,-0.0889,0,-0.0325,0.242,0.9697,0,-0.0617,0.0487,0.0358,1]},
{"frame":9,"values":[0.2406,0.9436,-0.2275,0,-0.9701,0.2264,-0.087,0,-0.0306,0.2416,0.9699,0,-0.0617,0.0487,0.0358,1]},
{"frame":10,"values":[0.2406,0.9436,-0.2275,0,-0.9702,0.2267,-0.0857,0,-0.0293,0.2413,0.97,0,-0.0617,0.0487,0.0358,1]},
{"frame":11,"values":[0.2406,0.9436,-0.2275,0,-0.9702,0.2268,-0.0853,0,-0.0289,0.2412,0.97,0,-0.0617,0.0488,0.0358,1]},
{"frame":12,"values":[0.2406,0.9436,-0.2275,0,-0.9702,0.2268,-0.0855,0,-0.0291,0.2412,0.97,0,-0.0617,0.0487,0.0358,1]},
{"frame":13,"values":[0.2406,0.9436,-0.2275,0,-0.9702,0.2266,-0.086,0,-0.0296,0.2414,0.97,0,-0.0617,0.0487,0.0358,1]},
{"frame":14,"values":[0.2406,0.9436,-0.2275,0,-0.9701,0.2264,-0.0869,0,-0.0305,0.2416,0.9699,0,-0.0617,0.0487,0.0358,1]},
{"frame":15,"values":[0.2406,0.9436,-0.2275,0,-0.9701,0.2261,-0.088,0,-0.0316,0.2418,0.9698,0,-0.0617,0.0487,0.0358,1]},
{"frame":16,"values":[0.2406,0.9436,-0.2275,0,-0.9701,0.2258,-0.0895,0,-0.0331,0.2422,0.9697,0,-0.0617,0.0487,0.0358,1]},
{"frame":17,"values":[0.2406,0.9436,-0.2275,0,-0.97,0.2254,-0.0911,0,-0.0347,0.2426,0.9695,0,-0.0617,0.0487,0.0358,1]},
{"frame":18,"values":[0.2406,0.9436,-0.2275,0,-0.9699,0.2249,-0.0929,0,-0.0365,0.243,0.9693,0,-0.0617,0.0487,0.0358,1]},
{"frame":19,"values":[0.2406,0.9436,-0.2275,0,-0.9699,0.2244,-0.0948,0,-0.0384,0.2434,0.9692,0,-0.0617,0.0487,0.0358,1]},
{"frame":20,"values":[0.2406,0.9436,-0.2275,0,-0.9698,0.224,-0.0968,0,-0.0404,0.2439,0.969,0,-0.0617,0.0487,0.0358,1]},
{"frame":21,"values":[0.2406,0.9436,-0.2275,0,-0.9697,0.2235,-0.0987,0,-0.0423,0.2443,0.9688,0,-0.0617,0.0487,0.0358,1]},
{"frame":22,"values":[0.2406,0.9436,-0.2275,0,-0.9696,0.223,-0.1005,0,-0.0441,0.2447,0.9686,0,-0.0617,0.0487,0.0358,1]},
{"frame":23,"values":[0.2406,0.9436,-0.2275,0,-0.9695,0.2226,-0.1021,0,-0.0457,0.2451,0.9684,0,-0.0617,0.0487,0.0358,1]},
{"frame":24,"values":[0.2406,0.9436,-0.2275,0,-0.9695,0.2222,-0.1035,0,-0.0471,0.2454,0.9683,0,-0.0617,0.0487,0.0358,1]},
{"frame":25,"values":[0.2406,0.9436,-0.2275,0,-0.9694,0.2219,-0.1047,0,-0.0483,0.2457,0.9681,0,-0.0617,0.0487,0.0358,1]},
{"frame":26,"values":[0.2406,0.9436,-0.2275,0,-0.9694,0.2217,-0.1056,0,-0.0492,0.2459,0.968,0,-0.0617,0.0487,0.0358,1]},
{"frame":27,"values":[0.2406,0.9436,-0.2275,0,-0.9694,0.2216,-0.1061,0,-0.0497,0.246,0.968,0,-0.0617,0.0487,0.0358,1]},
{"frame":28,"values":[0.2406,0.9436,-0.2275,0,-0.9693,0.2215,-0.1063,0,-0.0499,0.2461,0.968,0,-0.0617,0.0487,0.0358,1]}],"loopBehavior":1,"name":"anim","property":"_matrix"}},
{"name":"Bip01_R_Toe01","index":11,"matrix":[0.998,0.0638,0,0,-0.0638,0.998,0,0,0,0,1,0,0,0.0389,0,1],"rest":[0.9702,0.2422,0,0,-0.2422,0.9702,0,0,0,0,1,0,0,0.0389,0,1],"parentBoneIndex":10,"length":2
,"animation":{"dataType":3,"framePerSecond":29,"keys":[
{"frame":0,"values":[0.998,0.0638,0,0,-0.0638,0.998,0,0,0,0,1,0,0,0.0389,0,1]},
{"frame":28,"values":[0.998,0.0638,0,0,-0.0638,0.998,0,0,0,0,1,0,0,0.0389,0,1]}],"loopBehavior":1,"name":"anim","property":"_matrix"}},
{"name":"Bip01_R_Toe02","index":12,"matrix":[0.9837,-0.1798,0,0,0.1798,0.9837,0,0,0,0,1,0,0,0.0675,0,1],"rest":[1,0,0,0,0,1,0,0,0,0,1,0,0,0.0675,0,1],"parentBoneIndex":11,"length":2
,"animation":{"dataType":3,"framePerSecond":29,"keys":[
{"frame":0,"values":[0.9837,-0.1798,0,0,0.1798,0.9837,0,0,0,0,1,0,0,0.0675,0,1]},
{"frame":28,"values":[0.9837,-0.1798,0,0,0.1798,0.9837,0,0,0,0,1,0,0,0.0675,0,1]}],"loopBehavior":1,"name":"anim","property":"_matrix"}},
{"name":"Bip01_R_Toe1","index":13,"matrix":[0.3779,0.9259,0,0,-0.9259,0.3779,0,0,0,0,1,0,-0.0609,0.0338,0.0073,1],"rest":[-0.1526,0.9883,0,0,-0.9883,-0.1526,0,0,0,0,1,0,-0.0609,0.0338,0.0073,1],"parentBoneIndex":9,"length":2
,"animation":{"dataType":3,"framePerSecond":29,"keys":[
{"frame":0,"values":[0.3779,0.9259,0,0,-0.9259,0.3779,0,0,0,0,1,0,-0.0609,0.0338,0.0073,1]},
{"frame":28,"values":[0.3779,0.9259,0,0,-0.9259,0.3779,0,0,0,0,1,0,-0.0609,0.0338,0.0073,1]}],"loopBehavior":1,"name":"anim","property":"_matrix"}},
{"name":"Bip01_R_Toe11","index":14,"matrix":[0.9917,0.1288,0,0,-0.1288,0.9917,0,0,0,0,1,0,0,0.0574,0,1],"rest":[0.9524,0.305,0,0,-0.305,0.9524,0,0,0,0,1,0,0,0.0574,0,1],"parentBoneIndex":13,"length":2
,"animation":{"dataType":3,"framePerSecond":29,"keys":[
{"frame":0,"values":[0.9917,0.1288,0,0,-0.1288,0.9917,0,0,0,0,1,0,0,0.0574,0,1]},
{"frame":28,"values":[0.9917,0.1288,0,0,-0.1288,0.9917,0,0,0,0,1,0,0,0.0574,0,1]}],"loopBehavior":1,"name":"anim","property":"_matrix"}},
{"name":"Bip01_R_Toe12","index":15,"matrix":[0.9911,-0.1333,0,0,0.1333,0.9911,0,0,0,0,1,0,0,0.063,0,1],"rest":[0.9989,0.0471,0,0,-0.0471,0.9989,0,0,0,0,1.0001,0,0,0.063,0,1],"parentBoneIndex":14,"length":2
,"animation":{"dataType":3,"framePerSecond":29,"keys":[
{"frame":0,"values":[0.9911,-0.1333,0,0,0.1333,0.9911,0,0,0,0,1,0,0,0.063,0,1]},
{"frame":28,"values":[0.9911,-0.1333,0,0,0.1333,0.9911,0,0,0,0,1,0,0,0.063,0,1]}],"loopBehavior":1,"name":"anim","property":"_matrix"}},
{"name":"Bip01_R_Toe2","index":16,"matrix":[0.2666,0.9131,0.3084,0,-0.9637,0.2485,0.0973,0,0.0122,-0.3231,0.9463,0,-0.0519,0.0436,-0.02,1],"rest":[-0.2527,0.949,0.1887,0,-0.9389,-0.1934,-0.2848,0,-0.2338,-0.2492,0.9398,0,-0.0519,0.0436,-0.02,1],"parentBoneIndex":9,"length":2
,"animation":{"dataType":3,"framePerSecond":29,"keys":[
{"frame":0,"values":[0.2666,0.9131,0.3084,0,-0.9637,0.2485,0.0973,0,0.0122,-0.3231,0.9463,0,-0.0519,0.0436,-0.02,1]},
{"frame":1,"values":[0.2666,0.9131,0.3084,0,-0.9637,0.2484,0.0976,0,0.0125,-0.3232,0.9462,0,-0.0519,0.0436,-0.02,1]},
{"frame":2,"values":[0.2666,0.9131,0.3084,0,-0.9637,0.2481,0.0985,0,0.0134,-0.3235,0.9461,0,-0.0519,0.0436,-0.02,1]},
{"frame":3,"values":[0.2666,0.9131,0.3084,0,-0.9637,0.2476,0.0999,0,0.0149,-0.3238,0.946,0,-0.0519,0.0436,-0.02,1]},
{"frame":4,"values":[0.2666,0.9131,0.3084,0,-0.9637,0.247,0.1018,0,0.0168,-0.3243,0.9458,0,-0.0519,0.0436,-0.02,1]},
{"frame":5,"values":[0.2666,0.9131,0.3084,0,-0.9636,0.2463,0.1039,0,0.0189,-0.3249,0.9456,0,-0.0519,0.0436,-0.02,1]},
{"frame":6,"values":[0.2666,0.9131,0.3084,0,-0.9636,0.2455,0.1061,0,0.0211,-0.3254,0.9453,0,-0.0519,0.0436,-0.02,1]},
{"frame":7,"values":[0.2666,0.9131,0.3084,0,-0.9635,0.2448,0.1081,0,0.0233,-0.326,0.9451,0,-0.0519,0.0436,-0.02,1]},
{"frame":8,"values":[0.2666,0.9131,0.3084,0,-0.9635,0.2442,0.11,0,0.0251,-0.3265,0.9449,0,-0.0519,0.0436,-0.02,1]},
{"frame":9,"values":[0.2666,0.9131,0.3084,0,-0.9634,0.2437,0.1114,0,0.0266,-0.3268,0.9447,0,-0.0519,0.0436,-0.02,1]},
{"frame":10,"values":[0.2666,0.9131,0.3084,0,-0.9634,0.2434,0.1123,0,0.0275,-0.3271,0.9446,0,-0.0519,0.0436,-0.02,1]},
{"frame":11,"values":[0.2666,0.9131,0.3084,0,-0.9634,0.2432,0.1126,0,0.0278,-0.3271,0.9446,0,-0.0519,0.0436,-0.02,1]},
{"frame":12,"values":[0.2666,0.9131,0.3084,0,-0.9634,0.2433,0.1125,0,0.0277,-0.3271,0.9446,0,-0.0519,0.0436,-0.02,1]},
{"frame":13,"values":[0.2666,0.9131,0.3084,0,-0.9634,0.2434,0.1121,0,0.0273,-0.327,0.9446,0,-0.0519,0.0436,-0.02,1]},
{"frame":14,"values":[0.2666,0.9131,0.3084,0,-0.9634,0.2436,0.1115,0,0.0267,-0.3268,0.9447,0,-0.0519,0.0436,-0.02,1]},
{"frame":15,"values":[0.2666,0.9131,0.3084,0,-0.9635,0.2439,0.1106,0,0.0258,-0.3266,0.9448,0,-0.0519,0.0436,-0.02,1]},
{"frame":16,"values":[0.2666,0.9131,0.3084,0,-0.9635,0.2443,0.1096,0,0.0247,-0.3263,0.9449,0,-0.0519,0.0436,-0.02,1]},
{"frame":17,"values":[0.2666,0.9131,0.3084,0,-0.9635,0.2447,0.1084,0,0.0235,-0.326,0.9451,0,-0.0519,0.0436,-0.02,1]},
{"frame":18,"values":[0.2666,0.9131,0.3084,0,-0.9636,0.2452,0.1071,0,0.0222,-0.3257,0.9452,0,-0.0519,0.0436,-0.02,1]},
{"frame":19,"values":[0.2666,0.9131,0.3084,0,-0.9636,0.2456,0.1057,0,0.0207,-0.3253,0.9454,0,-0.0519,0.0436,-0.02,1]},
{"frame":20,"values":[0.2666,0.9131,0.3084,0,-0.9636,0.2461,0.1043,0,0.0193,-0.325,0.9455,0,-0.0519,0.0436,-0.02,1]},
{"frame":21,"values":[0.2666,0.9131,0.3084,0,-0.9636,0.2466,0.1029,0,0.0179,-0.3246,0.9457,0,-0.0519,0.0436,-0.02,1]},
{"frame":22,"values":[0.2666,0.9131,0.3084,0,-0.9637,0.2471,0.1015,0,0.0165,-0.3243,0.9458,0,-0.0519,0.0436,-0.02,1]},
{"frame":23,"values":[0.2666,0.9131,0.3084,0,-0.9637,0.2475,0.1003,0,0.0153,-0.3239,0.946,0,-0.0519,0.0436,-0.02,1]},
{"frame":24,"values":[0.2666,0.9131,0.3084,0,-0.9637,0.2478,0.0993,0,0.0142,-0.3237,0.9461,0,-0.0519,0.0436,-0.02,1]},
{"frame":25,"values":[0.2666,0.9131,0.3084,0,-0.9637,0.2481,0.0984,0,0.0134,-0.3234,0.9462,0,-0.0519,0.0436,-0.02,1]},
{"frame":26,"values":[0.2666,0.9131,0.3084,0,-0.9637,0.2483,0.0978,0,0.0127,-0.3233,0.9462,0,-0.0519,0.0436,-0.02,1]},
{"frame":27,"values":[0.2666,0.9131,0.3084,0,-0.9637,0.2485,0.0974,0,0.0123,-0.3232,0.9463,0,-0.0519,0.0436,-0.02,1]},
{"frame":28,"values":[0.2666,0.9131,0.3084,0,-0.9637,0.2485,0.0973,0,0.0122,-0.3231,0.9463,0,-0.0519,0.0436,-0.02,1]}],"loopBehavior":1,"name":"anim","property":"_matrix"}},
{"name":"Bip01_R_Toe21","index":17,"matrix":[-0.8544,-0.4607,-0.2404,0,-0.4645,0.8845,-0.0439,0,0.2328,0.0741,-0.9697,0,0,0.0559,0,1],"rest":[-0.924,-0.2941,-0.2443,0,-0.3033,0.9529,0,0,0.2328,0.0741,-0.9697,0,0,0.0559,0,1],"parentBoneIndex":16,"length":2
,"animation":{"dataType":3,"framePerSecond":29,"keys":[
{"frame":0,"values":[-0.8544,-0.4607,-0.2404,0,-0.4645,0.8845,-0.0439,0,0.2328,0.0741,-0.9697,0,0,0.0559,0,1]},
{"frame":28,"values":[-0.8544,-0.4607,-0.2404,0,-0.4645,0.8845,-0.0439,0,0.2328,0.0741,-0.9697,0,0,0.0559,0,1]}],"loopBehavior":1,"name":"anim","property":"_matrix"}},
{"name":"Bip01_R_Toe22","index":18,"matrix":[-0.9697,0.0005,0.2444,0,0.0005,1,-0.0001,0,-0.2444,0,-0.9697,0,0,0.0599,0,1],"rest":[-0.9538,0.1803,0.2404,0,0.1749,0.9836,-0.0441,0,-0.2444,0,-0.9697,0,0,0.0599,0,1],"parentBoneIndex":17,"length":2
,"animation":{"dataType":3,"framePerSecond":29,"keys":[
{"frame":0,"values":[-0.9697,0.0005,0.2444,0,0.0005,1,-0.0001,0,-0.2444,0,-0.9697,0,0,0.0599,0,1]},
{"frame":28,"values":[-0.9697,0.0005,0.2444,0,0.0005,1,-0.0001,0,-0.2444,0,-0.9697,0,0,0.0599,0,1]}],"loopBehavior":1,"name":"anim","property":"_matrix"}},
{"name":"Bip01_L_Thigh","index":19,"matrix":[-0.8818,0.4693,-0.0471,0,0.4716,0.8784,-0.0771,0,0.0052,-0.0902,-0.9959,0,-0.0427,-0.0444,-0.1117,1],"rest":[-0.1712,0.9851,-0.0162,0,0.9852,0.1713,0.0057,0,0.0084,-0.015,-0.9998,0,-0.0537,-0.0599,-0.1117,1],"parentBoneIndex":2,"length":2
,"animation":{"dataType":3,"framePerSecond":29,"keys":[
{"frame":0,"values":[-0.8818,0.4693,-0.0471,0,0.4716,0.8784,-0.0771,0,0.0052,-0.0902,-0.9959,0,-0.0427,-0.0444,-0.1117,1]},
{"frame":1,"values":[-0.882,0.4691,-0.0451,0,0.4713,0.8785,-0.0784,0,0.0028,-0.0904,-0.9959,0,-0.0427,-0.0444,-0.1117,1]},
{"frame":2,"values":[-0.8822,0.469,-0.0429,0,0.4709,0.8785,-0.0798,0,0.0002,-0.0906,-0.9959,0,-0.0427,-0.0444,-0.1117,1]},
{"frame":3,"values":[-0.8823,0.4688,-0.0405,0,0.4706,0.8786,-0.0814,0,-0.0026,-0.0908,-0.9959,0,-0.0427,-0.0444,-0.1117,1]},
{"frame":4,"values":[-0.8825,0.4687,-0.0381,0,0.4702,0.8786,-0.0829,0,-0.0054,-0.0911,-0.9958,0,-0.0427,-0.0444,-0.1117,1]},
{"frame":5,"values":[-0.8827,0.4686,-0.0356,0,0.4698,0.8787,-0.0845,0,-0.0083,-0.0913,-0.9958,0,-0.0427,-0.0444,-0.1117,1]},
{"frame":6,"values":[-0.8829,0.4684,-0.0334,0,0.4695,0.8787,-0.086,0,-0.011,-0.0916,-0.9957,0,-0.0427,-0.0444,-0.1117,1]},
{"frame":7,"values":[-0.883,0.4683,-0.0313,0,0.4691,0.8788,-0.0873,0,-0.0134,-0.0918,-0.9957,0,-0.0427,-0.0444,-0.1117,1]},
{"frame":8,"values":[-0.8831,0.4682,-0.0295,0,0.4689,0.8788,-0.0884,0,-0.0155,-0.0919,-0.9956,0,-0.0427,-0.0444,-0.1117,1]},
{"frame":9,"values":[-0.8832,0.4681,-0.0281,0,0.4686,0.8789,-0.0893,0,-0.0171,-0.0921,-0.9956,0,-0.0427,-0.0444,-0.1117,1]},
{"frame":10,"values":[-0.8833,0.4681,-0.0272,0,0.4685,0.8789,-0.0899,0,-0.0181,-0.0922,-0.9956,0,-0.0427,-0.0444,-0.1117,1]},
{"frame":11,"values":[-0.8833,0.468,-0.0269,0,0.4684,0.8789,-0.0901,0,-0.0185,-0.0922,-0.9956,0,-0.0427,-0.0444,-0.1117,1]},
{"frame":12,"values":[-0.8833,0.468,-0.0271,0,0.4685,0.8789,-0.09,0,-0.0184,-0.0922,-0.9956,0,-0.0427,-0.0444,-0.1117,1]},
{"frame":13,"values":[-0.8833,0.4681,-0.0274,0,0.4685,0.8789,-0.0898,0,-0.0179,-0.0921,-0.9956,0,-0.0427,-0.0444,-0.1117,1]},
{"frame":14,"values":[-0.8832,0.4681,-0.0281,0,0.4686,0.8789,-0.0894,0,-0.0172,-0.0921,-0.9956,0,-0.0427,-0.0444,-0.1117,1]},
{"frame":15,"values":[-0.8832,0.4682,-0.0289,0,0.4688,0.8788,-0.0888,0,-0.0162,-0.092,-0.9956,0,-0.0427,-0.0444,-0.1117,1]},
{"frame":16,"values":[-0.8831,0.4682,-0.0299,0,0.4689,0.8788,-0.0882,0,-0.015,-0.0919,-0.9957,0,-0.0427,-0.0444,-0.1117,1]},
{"frame":17,"values":[-0.883,0.4683,-0.0311,0,0.4691,0.8788,-0.0874,0,-0.0137,-0.0918,-0.9957,0,-0.0427,-0.0444,-0.1117,1]},
{"frame":18,"values":[-0.8829,0.4684,-0.0324,0,0.4693,0.8788,-0.0866,0,-0.0121,-0.0917,-0.9957,0,-0.0427,-0.0444,-0.1117,1]},
{"frame":19,"values":[-0.8828,0.4684,-0.0338,0,0.4695,0.8787,-0.0857,0,-0.0105,-0.0915,-0.9957,0,-0.0427,-0.0444,-0.1117,1]},
{"frame":20,"values":[-0.8827,0.4685,-0.0352,0,0.4698,0.8787,-0.0848,0,-0.0087,-0.0914,-0.9958,0,-0.0427,-0.0444,-0.1117,1]},
{"frame":21,"values":[-0.8826,0.4686,-0.0368,0,0.47,0.8787,-0.0838,0,-0.0069,-0.0912,-0.9958,0,-0.0427,-0.0444,-0.1117,1]},
{"frame":22,"values":[-0.8825,0.4687,-0.0383,0,0.4703,0.8786,-0.0828,0,-0.0051,-0.0911,-0.9958,0,-0.0427,-0.0444,-0.1117,1]},
{"frame":23,"values":[-0.8824,0.4688,-0.0399,0,0.4705,0.8786,-0.0817,0,-0.0032,-0.0909,-0.9959,0,-0.0427,-0.0444,-0.1117,1]},
{"frame":24,"values":[-0.8823,0.4689,-0.0415,0,0.4707,0.8786,-0.0807,0,-0.0014,-0.0908,-0.9959,0,-0.0427,-0.0444,-0.1117,1]},
{"frame":25,"values":[-0.8821,0.469,-0.043,0,0.471,0.8785,-0.0797,0,0.0004,-0.0906,-0.9959,0,-0.0427,-0.0444,-0.1117,1]},
{"frame":26,"values":[-0.882,0.4691,-0.0445,0,0.4712,0.8785,-0.0788,0,0.0021,-0.0905,-0.9959,0,-0.0427,-0.0444,-0.1117,1]},
{"frame":27,"values":[-0.8819,0.4692,-0.0458,0,0.4714,0.8785,-0.0779,0,0.0037,-0.0903,-0.9959,0,-0.0427,-0.0444,-0.1117,1]},
{"frame":28,"values":[-0.8818,0.4693,-0.0471,0,0.4716,0.8784,-0.0771,0,0.0052,-0.0902,-0.9959,0,-0.0427,-0.0444,-0.1117,1]}],"loopBehavior":1,"name":"anim","property":"_matrix"}},
{"name":"Bip01_L_Calf","index":20,"matrix":[0.4958,0.8684,0.0054,0,-0.8684,0.4957,0.0077,0,0.004,-0.0085,1,0,0,0.1443,0,1],"rest":[0.7562,0.6543,0.0026,0,-0.6543,0.7562,0.0091,0,0.004,-0.0085,1,0,0,0.1443,0,1],"parentBoneIndex":19,"length":2
,"animation":{"dataType":3,"framePerSecond":29,"keys":[
{"frame":0,"values":[0.4958,0.8684,0.0054,0,-0.8684,0.4957,0.0077,0,0.004,-0.0085,1,0,0,0.1443,0,1]},
{"frame":1,"values":[0.4785,0.8781,0.0056,0,-0.8781,0.4785,0.0076,0,0.004,-0.0085,1,0,0,0.1443,0,1]},
{"frame":2,"values":[0.4589,0.8885,0.0057,0,-0.8885,0.4589,0.0075,0,0.004,-0.0085,1,0,0,0.1443,0,1]},
{"frame":3,"values":[0.4378,0.8991,0.0059,0,-0.8991,0.4377,0.0073,0,0.004,-0.0085,1,0,0,0.1443,0,1]},
{"frame":4,"values":[0.4158,0.9094,0.0061,0,-0.9094,0.4158,0.0072,0,0.004,-0.0085,1,0,0,0.1443,0,1]},
{"frame":5,"values":[0.3939,0.9191,0.0063,0,-0.9192,0.3938,0.007,0,0.004,-0.0085,1,0,0,0.1443,0,1]},
{"frame":6,"values":[0.3728,0.9279,0.0064,0,-0.9279,0.3728,0.0069,0,0.004,-0.0085,1,0,0,0.1443,0,1]},
{"frame":7,"values":[0.3536,0.9354,0.0066,0,-0.9354,0.3535,0.0068,0,0.004,-0.0085,1,0,0,0.1443,0,1]},
{"frame":8,"values":[0.337,0.9415,0.0067,0,-0.9415,0.337,0.0066,0,0.004,-0.0085,1,0,0,0.1443,0,1]},
{"frame":9,"values":[0.3241,0.946,0.0068,0,-0.946,0.324,0.0066,0,0.004,-0.0085,1,0,0,0.1443,0,1]},
{"frame":10,"values":[0.3156,0.9489,0.0068,0,-0.9489,0.3156,0.0065,0,0.004,-0.0085,1,0,0,0.1443,0,1]},
